# nb element Temps
1 654.336
11 853.204
21 952.637
31 1098.76
41 1226.17
51 1339.38
61 1427.12
71 1613.87
81 1751.87
91 1697.64
101 1361.49
111 1237.19
121 963.262
131 996.586
141 1045.22
151 1031.62
161 1018.69
171 1005.38
181 1139.69
191 1156.73
201 1309.45
211 1165.7
221 1344.18
231 1360.6
241 1244.91
251 1600.86
261 1454.95
271 1312.92
281 1571.95
291 1497.47
301 1210
311 1230.81
321 1297.94
331 1385.83
341 1294.74
351 1378.58
361 1320.81
371 1327.93
381 1493.14
391 1369.21
401 1314.76
411 1441.42
421 1395.42
431 1397.2
441 1604.6
451 1431.13
461 1392.79
471 1403.17
481 1365.57
491 1542.28
501 1401.96
511 1559.32
521 1382.89
531 1737.61
541 1422.98
551 1613.65
561 1466.17
571 1811.81
581 1482.23
591 1684.54
601 1493.22
611 1956.34
621 1568.11
631 1512.75
641 1489.3
651 1540.54
661 1526.75
671 1696.12
681 1675.71
691 1540.42
701 1586.75
711 1543.52
721 1582.47
731 1721.83
741 1558.5
751 1803.75
761 1643.97
771 1576.52
781 1679.75
791 1656.59
801 1682.82
811 1713.38
821 1885.61
831 1676.95
841 1776.31
851 1683.9
861 1765.69
871 1772.22
881 1740.67
891 1731.11
901 2611.43
911 2047.67
921 1581.76
931 1738.32
941 1724.56
951 1861.29
961 1762.5
971 1775.71
981 2304.55
991 1907.59
1001 1772.99
1011 1762.46
1021 1955.27
1031 2199.54
1041 2136.08
1051 2074.06
1061 1790.66
1071 2117.94
1081 2390.07
1091 2215.31
1101 2494.15
1111 2439.89
1121 2279.51
1131 2187.63
1141 2130.63
1151 1960.58
1161 1976.39
1171 1851.9
1181 2178.13
1191 1873.11
1201 2243.03
1211 2132.65
1221 2291.26
1231 2296.03
1241 2154.1
1251 1987.68
1261 2201.56
1271 2343.63
1281 2329.4
1291 1980.38
1301 2473.15
1311 1846.53
1321 2256.85
1331 1929.02
1341 2237.21
1351 1933.64
1361 2237.48
1371 2198.06
1381 1972.06
1391 2020.86
1401 2285.73
1411 2259.88
1421 2189.27
1431 2387.7
1441 2119.38
1451 2315.18
1461 2379.17
1471 2270.86
1481 1957.55
1491 2648.22
1501 2141.67
1511 2306.09
1521 2090.25
1531 2243.32
1541 2006.39
1551 2121.2
1561 2345.22
1571 2261.93
1581 1990.56
1591 3198.34
1601 2965.11
1611 1991.76
1621 1766.33
1631 2295.61
1641 1983.26
1651 1963.15
1661 2060.22
1671 2116.26
1681 2220.67
1691 2272.53
1701 2225.38
1711 2531.53
1721 2186.61
1731 2354.5
1741 2614.17
1751 2299.14
1761 2221.66
1771 2066.73
1781 2292.71
1791 2195.77
1801 2629.75
1811 2374.59
1821 2145.02
1831 2097.55
1841 2552.67
1851 2291.24
1861 2254.14
1871 2294.83
1881 2050.71
1891 2614.11
1901 2226.48
1911 2209.78
1921 2108.97
1931 2355.97
1941 2311.21
1951 2273.24
1961 2203.54
1971 2186.56
1981 2336.89
1991 2287.14
2001 2607.22
2011 2468.98
2021 2406.23
2031 2294.15
2041 2585.95
2051 2696.53
2061 2247.07
2071 2212.48
2081 2693.96
2091 2211.38
2101 2227.5
2111 2141.49
2121 2216.94
2131 2268.17
2141 2406.79
2151 2477.26
2161 2667.1
2171 2301.47
2181 2173.33
2191 2388.95
2201 2268.03
2211 2237.77
2221 2382.37
2231 2391.64
2241 2298.85
2251 2349.32
2261 2527.1
2271 2257.75
2281 2340.49
2291 2621.44
2301 2305.51
2311 2399.09
2321 2418.89
2331 2250
2341 2521.78
2351 2360.9
2361 2315.01
2371 2434.56
2381 2389.46
2391 2435.77
2401 2524.31
2411 2333.14
2421 2236.76
2431 2194.32
2441 2784.95
2451 2362.43
2461 2248.78
2471 2490.17
2481 2443.68
2491 2591.06
2501 2315.88
2511 2430.4
2521 2445.46
2531 2393.93
2541 2556.79
2551 2381.21
2561 2687.81
2571 2374.4
2581 2657.93
2591 2379.53
2601 2372.38
2611 2387.84
2621 2321.95
2631 2358.67
2641 2293.35
2651 2422.24
2661 2343.12
2671 2494.73
2681 2374.05
2691 2460.04
2701 2564.94
2711 2456.61
2721 2231.04
2731 2832.95
2741 2467.59
2751 2578.44
2761 2408.98
2771 2468.42
2781 2425.32
2791 2540
2801 2292.5
2811 2587.19
2821 2379.93
2831 2301.61
2841 2352.45
2851 2385.81
2861 2458.46
2871 2353
2881 2602.02
2891 2433.29
2901 2618.21
2911 2466.82
2921 2670.02
2931 2471.72
2941 2927.45
2951 2378.03
2961 2851.4
2971 2415.31
2981 2937.44
2991 2409.89
3001 2529.4
3011 2552.14
3021 2526.07
3031 2790.94
3041 2308.72
3051 2772.37
3061 2384.22
3071 2442.5
3081 2479.92
3091 2331.1
3101 2767.11
3111 2479.32
3121 3078.12
3131 2479.14
3141 2922.76
3151 2526.68
3161 2521.03
3171 3324.59
3181 2324.78
3191 3105.97
3201 2324.93
3211 2862.43
3221 2444.74
3231 2529.42
3241 3170.42
3251 2350.51
3261 2694.22
3271 2455
3281 2515.5
3291 2793.24
3301 2641.19
3311 2565.48
3321 3319.13
3331 2381.54
3341 2618.88
3351 2558.36
3361 2547.06
3371 3086.58
3381 2454.78
3391 2722.35
3401 2922.08
3411 2465.27
3421 2747.44
3431 2804.15
3441 2545.02
3451 2909.66
3461 2694.51
3471 2543.88
3481 3063.42
3491 2675.16
3501 2626.28
3511 2833.97
3521 2813.68
3531 2489.1
3541 2887.13
3551 2713.96
3561 2456.84
3571 2957.72
3581 2387.22
3591 2673.44
3601 3343.46
3611 2376.17
3621 2833.42
3631 2665.07
3641 2474.19
3651 3216.34
3661 2399.48
3671 2586.65
3681 3334.9
3691 2384.13
3701 2664.25
3711 2586.8
3721 2458.48
3731 2944.94
3741 2403.47
3751 2679.08
3761 2737.81
3771 2549.02
3781 2724.68
3791 2737.54
3801 2445.51
3811 3006.04
3821 2689.05
3831 2606.64
3841 2996.8
3851 2621.71
3861 2602.6
3871 3003.01
3881 2899.66
3891 2547.8
3901 2682.35
3911 2929.96
3921 2533.39
3931 2812.07
3941 3159.81
3951 2530.13
3961 2839.24
3971 2990.9
3981 2536.87
3991 2514.55
4001 2986.84
4011 2445.89
4021 2486.04
4031 3086.29
4041 2418.12
4051 2605.3
4061 3119.8
4071 2448.52
4081 2663.85
4091 3112.17
4101 2456.27
4111 2727.56
4121 3138.2
4131 2458.85
4141 2686.96
4151 2708.5
4161 2508.4
4171 2886.83
4181 3028.71
4191 2454.58
4201 2826.45
4211 2930.44
4221 2350.78
4231 2603.66
4241 3193.7
4251 2348.99
4261 2550.33
4271 3297.06
4281 2371.97
4291 2719.96
4301 3102.87
4311 2444.4
4321 2884.25
4331 2691.94
4341 2523.54
4351 3002.66
4361 2848.86
4371 2538.53
4381 2756.83
4391 3092.03
4401 2409.83
4411 2693.32
4421 3362.86
4431 2589.7
4441 2499.83
4451 3254.58
4461 2402.88
4471 2626.74
4481 3072.18
4491 2432.37
4501 2860.96
4511 3197.12
4521 2404.97
4531 2513.92
4541 3375.28
4551 2411.72
4561 2530.54
4571 3342.58
4581 2392.32
4591 2577.51
4601 3192.95
4611 2453.04
4621 2617.43
4631 3189.81
4641 2546.22
4651 2775.92
4661 3074.92
4671 2423.12
4681 2652.74
4691 2773.69
4701 2467.29
4711 3041.74
4721 2778.06
4731 2499.87
4741 2885.84
4751 2671.18
4761 2514.68
4771 3061.4
4781 2811
4791 2482.07
4801 2902.61
4811 2721.43
4821 2495.6
4831 2844.98
4841 3006.13
4851 2444.27
4861 2656.3
4871 3057.13
4881 2483.46
4891 2686.2
4901 3315.89
4911 2444.77
4921 2507.29
4931 3269.52
4941 2413.72
4951 2559.21
4961 2763.4
4971 3320.98
4981 2441.08
4991 2723.67
5001 3335.55
5011 2457.67
5021 2529.77
5031 2707.75
5041 3552.12
5051 2433.11
5061 2561.59
5071 2947.23
5081 2859.09
5091 2508.58
5101 2755.11
5111 3519.63
5121 2437.99
5131 2545.83
5141 2999.66
5151 2447.09
5161 2591.9
5171 2717.87
5181 2448.05
5191 2474.84
5201 2625.63
5211 3096.52
5221 2464.71
5231 2547.16
5241 2822.84
5251 3234.33
5261 2485.43
5271 2627.29
5281 3083.44
5291 2456.5
5301 2601.67
5311 2756.81
5321 3254.17
5331 2495.68
5341 2605.98
5351 2975.1
5361 3026.16
5371 2486.47
5381 2654.25
5391 3285.14
5401 2484.44
5411 2585.62
5421 2779.37
5431 3331.79
5441 2468.74
5451 2584.89
5461 2689.43
5471 3293.59
5481 2491.01
5491 2512.04
5501 2724.87
5511 3187.24
5521 2488.99
5531 2504.37
5541 2600.36
5551 3092.55
5561 3268.5
5571 2557
5581 2609.16
5591 2773.17
5601 3171.37
5611 2493.96
5621 2628.49
5631 2778.33
5641 3290.8
5651 2499.65
5661 2522.39
5671 2613.15
5681 3092.16
5691 3582.13
5701 2504.18
5711 2617.23
5721 2764.93
5731 3263.38
5741 3508.44
5751 2522.24
5761 2634.78
5771 2738.52
5781 3153.52
5791 3106.48
5801 2518.91
5811 2629.28
5821 2807.83
5831 3295.67
5841 2514.01
5851 2567.7
5861 2649.36
5871 2860.06
5881 3261.1
5891 2537.84
5901 2645.36
5911 2786.06
5921 3190.21
5931 2497.2
5941 2558.29
5951 2630.22
5961 2505
5971 3242.64
5981 2532.39
5991 2616.67
6001 2726.15
6011 2876.88
6021 3354.19
6031 2515.53
6041 2555.66
6051 2646.68
6061 2834.24
6071 3238.68
6081 2524.72
6091 2562.98
6101 2656.61
6111 2749.76
6121 3223.45
6131 3301
6141 2564.35
6151 2650.55
6161 2713.75
6171 2825.85
6181 3192.29
6191 2544.19
6201 2563.04
6211 2558.35
6221 2641.72
6231 2881.56
6241 3142.78
6251 3327.79
6261 2545.38
6271 2595.54
6281 2687.07
6291 2781.23
6301 2877.24
6311 3282.41
6321 2555.38
6331 2565.97
6341 2579.47
6351 2709.66
6361 2827.33
6371 2920.65
6381 3372.41
6391 2560.04
6401 2595.57
6411 2654.22
6421 2702.9
6431 2921.08
6441 3301.28
6451 2562.73
6461 2575
6471 2628.83
6481 2741.52
6491 2785.39
6501 2971.73
6511 3323.83
6521 3671.37
6531 2560.71
6541 2567.26
6551 2590.22
6561 2670.04
6571 2819.73
6581 3073.51
6591 3270.02
6601 2582
6611 2786
6621 2587.2
6631 2617.17
6641 2649.66
6651 2774.94
6661 2923.92
6671 3337.32
6681 3467.39
6691 2553.5
6701 2589.26
6711 2591.95
6721 2650.39
6731 2699.45
6741 2871.26
6751 2999.95
6761 3327.79
6771 2567.54
6781 2595.5
6791 2597.73
6801 2616.84
6811 2687.14
6821 2712.91
6831 2794.73
6841 2938.07
6851 3099.58
6861 2992.67
6871 3019.39
6881 3027.1
6891 3323.54
6901 3541.06
6911 2596.28
6921 2620.08
6931 2613.21
6941 2641.22
6951 2688.12
6961 2711.57
6971 2711.6
6981 2779.23
6991 2847.77
7001 2909.07
7011 3160.63
7021 3299.62
7031 2593.65
7041 2601.49
7051 2623.28
7061 2647.67
7071 2645.14
7081 2695.89
7091 2737.91
7101 2730.25
7111 2820.09
7121 2929.65
7131 2953.72
7141 2948.78
7151 3298.32
7161 3306.96
7171 3452.08
7181 3396.75
7191 2623.27
7201 2613.89
7211 2643.57
7221 2626.76
7231 2640.73
7241 2656.91
7251 2772.78
7261 2669.51
7271 2678.91
7281 2682.69
7291 2727.92
7301 2758.32
7311 2733.8
7321 2756.91
7331 2831.95
7341 2897.95
7351 2920.95
7361 3140.87
7371 3331.44
7381 2612.32
7391 2635.32
7401 2625.78
7411 2644.91
7421 2649.7
7431 2666.74
7441 2647.69
7451 2645.78
7461 2659.79
7471 2657.44
7481 2715.35
7491 2729.76
7501 2777.12
7511 2757.61
7521 2753.78
7531 2794.75
7541 2938.56
7551 2972.96
7561 2986.83
7571 2927.03
7581 2842.86
7591 2886.69
7601 2812.44
7611 2842.08
7621 2864.37
7631 2814.32
7641 2806.95
7651 2815.34
7661 2829.77
7671 2794.51
7681 2797.9
7691 2852.94
7701 2769.61
7711 2789.08
7721 2808.98
7731 2803.23
7741 2783.25
7751 2754.41
7761 2782.24
7771 2726.77
7781 2713.24
7791 2723.91
7801 2734.74
7811 2752.67
7821 2741.26
7831 2787.22
7841 2783.91
7851 2784.13
7861 2715.32
7871 2749.61
7881 2710.75
7891 2701.23
7901 2696.65
7911 2715.89
7921 2685.12
7931 2715.89
7941 2683.42
7951 2700.25
7961 2690.36
7971 2692.44
7981 2699.95
7991 2663.02
8001 2678.08
8011 2666.9
8021 2687.1
8031 2663.76
8041 2682.29
8051 3353.19
8061 3205.67
8071 3071.87
8081 2936.04
8091 2881.51
8101 2895.36
8111 2860.84
8121 2854.42
8131 2824.55
8141 2721.39
8151 2743.61
8161 2724.12
8171 2734.82
8181 2716.62
8191 2729.54
8201 2707.56
8211 2697.12
8221 2735.58
8231 2696.12
8241 2698.06
8251 2733.22
8261 2724.66
8271 2731.78
8281 2708.19
8291 2717.44
8301 2730.74
8311 2732.07
8321 2696.22
8331 2727.04
8341 2716.6
8351 2764.5
8361 3419.86
8371 3249.74
8381 3125.92
8391 3043.08
8401 3122.98
8411 2723.1
8421 2940.57
8431 2836.11
8441 2867.23
8451 2836.06
8461 2816.36
8471 2795.35
8481 2761.92
8491 2717.01
8501 2752.72
8511 2710.92
8521 2720.06
8531 2719.21
8541 2728.53
8551 2720.51
8561 2744.29
8571 2728
8581 2707.56
8591 2710.16
8601 2784.75
8611 3247.83
8621 3092.12
8631 2919.48
8641 2850.45
8651 2806.26
8661 2816.03
8671 2759.79
8681 2792.95
8691 2744.06
8701 2779.45
8711 2731.58
8721 2733.14
8731 2723.17
8741 2719.53
8751 2728.4
8761 3195
8771 3015.61
8781 2961.62
8791 2876.69
8801 2837.69
8811 2763.26
8821 2775.55
8831 2746.88
8841 2815.13
8851 2716.82
8861 2737.42
8871 3349.27
8881 2758.86
8891 2886.41
8901 2931.9
8911 2795.81
8921 2791.31
8931 2758.6
8941 2756.94
8951 2744.19
8961 3351.77
8971 3042.74
8981 2927.8
8991 2889.14
9001 2803.3
9011 2783.42
9021 2804.79
9031 2767.73
9041 2764.62
9051 2718.65
9061 3188.89
9071 3021.49
9081 2954.96
9091 2859.16
9101 2901.88
9111 2825.14
9121 2847.89
9131 2789.71
9141 2774.19
9151 3525.11
9161 2761.49
9171 3356.2
9181 3112.77
9191 2917.52
9201 2837.08
9211 2779.93
9221 2811.14
9231 2835.22
9241 2791.49
9251 3143.83
9261 3070.49
9271 2926.64
9281 2919.71
9291 2816.03
9301 2807.04
9311 2766.04
9321 2802.58
9331 2765.86
9341 3508.17
9351 3050.49
9361 3011.7
9371 2880
9381 2877.08
9391 2794.14
9401 2838.79
9411 2787.29
9421 2793.29
9431 3119.95
9441 2976.62
9451 2924.05
9461 2883.89
9471 2799.57
9481 2785.3
9491 2767.9
9501 2759
9511 3050.87
9521 2951.32
9531 2876.26
9541 2840.52
9551 2785.11
9561 2822.67
9571 2764.16
9581 3265.26
9591 3040.66
9601 2941.04
9611 2904.18
9621 2869.21
9631 2774.27
9641 2830.48
9651 2786.34
9661 2822.02
9671 3024.7
9681 2904.94
9691 2809.94
9701 2864.39
9711 2793.14
9721 3283.74
9731 3104.11
9741 2943.57
9751 2812.7
9761 2834.61
9771 2765.7
9781 2838.11
9791 3149.83
9801 3095.85
9811 2952.37
9821 2910.42
9831 2825.2
9841 2851.11
9851 2767.12
9861 3174.01
9871 3067.91
9881 2897.12
9891 2818.04
9901 2825.92
9911 3150.77
9921 3024.49
9931 2855.63
9941 2881.82
9951 2810.26
9961 2822.89
9971 3130.62
9981 3023.56
9991 2875.24
