# nb element Temps
1 220
11 267
21 308
31 349
41 383
51 421
61 447
71 480
81 514
91 826
101 673
111 598
121 755
131 723
141 1209
151 614
161 643
171 806
181 666
191 699
201 753
211 726
221 885
231 902
241 767
251 962
261 836
271 917
281 964
291 958
301 956
311 989
321 894
331 1173
341 875
351 862
361 879
371 1089
381 1123
391 967
401 908
411 1184
421 1041
431 1296
441 951
451 1113
461 1114
471 1104
481 1178
491 982
501 1189
511 1527
521 1148
531 1078
541 1068
551 1115
561 1305
571 1530
581 1278
591 1600
601 1445
611 1185
621 1197
631 1147
641 1237
651 1222
661 1227
671 1173
681 1418
691 1315
701 1787
711 1138
721 1136
731 1280
741 1394
751 1729
761 1160
771 1366
781 1445
791 1397
801 1349
811 1193
821 1227
831 1188
841 1193
851 1264
861 1281
871 1244
881 1202
891 1158
901 1263
911 1307
921 1255
931 1262
941 1303
951 1211
961 1368
971 1262
981 1230
991 1319
1001 1266
1011 1321
1021 1278
1031 1250
1041 1257
1051 1294
1061 1274
1071 1261
1081 1279
1091 1327
1101 1280
1111 1310
1121 1284
1131 1363
1141 1341
1151 1342
1161 1288
1171 1464
1181 1286
1191 1298
1201 1329
1211 1313
1221 1398
1231 1303
1241 1378
1251 1378
1261 1334
1271 1475
1281 1302
1291 1372
1301 1384
1311 1313
1321 1465
1331 1352
1341 1402
1351 1539
1361 1334
1371 1424
1381 1321
1391 1366
1401 1371
1411 1525
1421 1366
1431 1522
1441 1434
1451 1506
1461 1433
1471 1376
1481 1345
1491 1385
1501 1392
1511 1367
1521 1388
1531 1337
1541 1426
1551 1439
1561 1619
1571 1409
1581 1458
1591 1376
1601 1876
1611 1452
1621 1418
1631 1382
1641 2370
1651 1595
1661 1577
1671 1373
1681 1632
1691 1449
1701 1474
1711 1736
1721 1561
1731 1510
1741 1380
1751 1692
1761 1550
1771 1514
1781 1474
1791 1509
1801 1833
1811 1479
1821 1508
1831 1464
1841 1556
1851 1571
1861 1487
1871 1493
1881 1589
1891 1525
1901 1596
1911 1520
1921 1514
1931 1526
1941 1577
1951 1608
1961 1509
1971 1559
1981 1631
1991 1446
2001 1484
2011 1597
2021 1586
2031 1612
2041 1611
2051 1620
2061 1619
2071 1727
2081 1528
2091 2149
2101 1645
2111 1599
2121 1675
2131 1697
2141 1609
2151 1586
2161 1692
2171 1764
2181 1570
2191 1573
2201 1907
2211 1578
2221 1625
2231 1806
2241 1582
2251 1613
2261 1720
2271 1859
2281 1584
2291 1644
2301 1880
2311 1622
2321 1587
2331 1795
2341 1896
2351 1560
2361 1594
2371 1799
2381 1817
2391 1667
2401 1590
2411 1724
2421 1969
2431 1660
2441 1684
2451 1679
2461 1850
2471 1612
2481 1713
2491 1679
2501 1886
2511 1929
2521 1722
2531 1770
2541 1957
2551 1944
2561 1726
2571 1666
2581 1715
2591 1951
2601 2078
2611 1704
2621 1769
2631 1801
2641 2038
2651 2264
2661 2138
2671 2037
2681 1742
2691 1996
2701 2231
2711 2044
2721 2445
2731 1872
2741 1682
2751 1798
2761 1828
2771 2293
2781 2281
2791 2051
2801 2112
2811 1813
2821 1829
2831 1991
2841 1752
2851 1799
2861 2278
2871 2209
2881 2263
2891 2110
2901 1742
2911 1845
2921 2187
2931 1764
2941 1699
2951 2125
2961 2342
2971 2288
2981 2274
2991 2292
3001 2137
3011 1911
3021 1744
3031 1827
3041 2020
3051 1826
3061 1944
3071 2355
3081 2320
3091 2265
3101 2250
3111 1897
3121 2205
3131 2149
3141 2003
3151 1817
3161 1854
3171 1832
3181 1844
3191 2007
3201 2213
3211 2301
3221 2240
3231 2252
3241 2311
3251 2131
3261 2252
3271 2254
3281 2013
3291 2149
3301 1912
3311 1795
3321 1925
3331 1858
3341 1909
3351 1979
3361 1998
3371 2167
3381 2030
3391 2177
3401 2027
3411 2184
3421 2083
3431 2313
3441 2038
3451 1926
3461 2027
3471 1834
3481 1880
3491 1896
3501 2041
3511 2198
3521 2017
3531 2455
3541 1958
3551 2311
3561 2256
3571 2308
3581 2312
3591 2232
3601 2222
3611 2357
3621 2250
3631 2252
3641 2295
3651 2302
3661 2226
3671 2271
3681 2383
3691 2383
3701 2408
3711 2387
3721 2461
3731 2421
3741 2378
3751 2442
3761 2310
3771 1914
3781 2140
3791 1915
3801 2441
3811 1996
3821 2211
3831 2382
3841 2074
3851 2241
3861 2161
3871 2358
3881 2181
3891 2311
3901 2483
3911 2380
3921 2337
3931 1902
3941 2386
3951 2189
3961 2343
3971 2013
3981 2347
3991 2717
4001 2364
4011 2360
4021 1921
4031 2093
4041 2055
4051 2448
4061 2125
4071 2196
4081 2470
4091 2360
4101 2500
4111 2592
4121 2197
4131 2493
4141 2174
4151 2410
4161 2254
4171 2145
4181 2170
4191 2472
4201 2590
4211 1983
4221 2530
4231 2177
4241 2211
4251 2007
4261 2171
4271 2425
4281 2394
4291 2094
4301 2555
4311 2200
4321 2324
4331 2124
4341 2413
4351 2339
4361 2022
4371 2382
4381 2044
4391 2288
4401 2534
4411 2317
4421 2068
4431 2321
4441 2050
4451 2116
4461 2472
4471 2428
4481 2161
4491 2505
4501 2014
4511 2186
4521 2502
4531 2107
4541 2534
4551 2111
4561 2155
4571 2342
4581 2141
4591 2508
4601 2069
4611 2187
4621 2379
4631 2076
4641 2127
4651 2095
4661 2283
4671 2339
4681 2214
4691 2595
4701 2553
4711 1987
4721 2079
4731 2037
4741 2199
4751 2285
4761 2258
4771 2072
4781 2419
4791 2139
4801 2247
4811 2271
4821 2274
4831 2060
4841 2138
4851 2314
4861 2152
4871 2585
4881 2600
4891 2170
4901 2093
4911 2625
4921 2164
4931 2292
4941 2199
4951 2484
4961 2315
4971 2321
4981 2256
4991 2593
5001 2528
5011 2267
5021 2110
5031 2087
5041 2420
5051 2503
5061 1950
5071 2632
5081 2228
5091 2505
5101 2625
5111 2283
5121 2271
5131 2465
5141 2678
5151 2628
5161 2247
5171 2085
5181 2587
5191 2240
5201 2499
5211 2663
5221 2324
5231 2242
5241 2263
5251 2281
5261 2314
5271 2210
5281 2667
5291 2345
5301 2425
5311 2666
5321 2298
5331 2435
5341 2425
5351 2335
5361 2589
5371 2657
5381 2365
5391 2311
5401 2336
5411 2308
5421 2177
5431 2191
5441 2354
5451 2336
5461 2361
5471 2414
5481 2210
5491 2648
5501 2608
5511 2299
5521 2174
5531 2313
5541 2264
5551 2320
5561 2167
5571 2639
5581 2309
5591 2332
5601 2614
5611 2297
5621 2350
5631 2220
5641 2210
5651 2284
5661 2455
5671 2222
5681 2326
5691 2409
5701 2187
5711 2391
5721 2386
5731 2205
5741 2317
5751 2470
5761 2215
5771 2326
5781 2646
5791 2328
5801 2362
5811 2539
5821 2250
5831 2467
5841 2427
5851 2215
5861 2385
5871 2294
5881 2328
5891 2557
5901 2240
5911 2453
5921 2365
5931 2272
5941 2412
5951 2277
5961 2328
5971 2700
5981 2297
5991 2521
6001 2525
6011 2285
6021 2434
6031 2217
6041 2454
6051 2479
6061 2176
6071 2334
6081 2372
6091 2186
6101 2344
6111 2138
6121 2316
6131 2316
6141 2185
6151 2379
6161 2359
6171 2222
6181 2397
6191 2380
6201 2441
6211 2345
6221 2282
6231 2515
6241 2305
6251 2535
6261 2373
6271 2518
6281 2398
6291 2400
6301 2442
6311 2381
6321 2468
6331 2417
6341 2208
6351 2316
6361 2274
6371 2482
6381 2359
6391 2528
6401 2393
6411 2292
6421 2378
6431 2331
6441 2475
6451 2369
6461 2574
6471 2315
6481 2543
6491 2415
6501 2366
6511 2267
6521 2228
6531 2375
6541 2261
6551 2346
6561 2289
6571 2306
6581 2389
6591 2283
6601 2483
6611 2255
6621 2409
6631 2408
6641 2259
6651 2359
6661 2245
6671 2465
6681 2249
6691 2547
6701 2417
6711 2558
6721 2482
6731 2277
6741 2472
6751 2283
6761 2465
6771 2317
6781 2389
6791 2327
6801 2555
6811 2389
6821 2575
6831 2315
6841 2400
6851 2463
6861 2575
6871 2441
6881 2609
6891 2390
6901 2606
6911 2406
6921 2569
6931 2297
6941 2450
6951 2355
6961 2286
6971 2327
6981 2225
6991 2312
7001 2300
7011 2472
7021 2360
7031 2517
7041 2373
7051 2582
7061 2354
7071 2473
7081 2329
7091 2476
7101 2339
7111 2428
7121 2527
7131 2443
7141 2632
7151 2329
7161 2399
7171 2410
7181 2386
7191 2437
7201 2486
7211 2434
7221 2276
7231 2289
7241 2330
7251 2225
7261 2668
7271 2809
7281 2407
7291 2523
7301 2378
7311 2443
7321 2322
7331 2445
7341 2485
7351 2423
7361 2536
7371 2415
7381 2569
7391 2435
7401 2881
7411 2372
7421 2609
7431 2412
7441 2566
7451 2401
7461 2820
7471 2447
7481 2919
7491 2402
7501 2409
7511 2412
7521 2524
7531 2709
7541 2450
7551 2644
7561 2361
7571 2793
7581 2513
7591 2907
7601 2286
7611 2949
7621 2494
7631 2594
7641 2553
7651 2452
7661 2679
7671 2404
7681 2787
7691 2363
7701 2772
7711 2411
7721 2616
7731 2778
7741 2432
7751 2902
7761 2397
7771 2568
7781 2422
7791 2307
7801 2447
7811 2410
7821 2689
7831 2443
7841 2934
7851 2423
7861 2479
7871 2575
7881 2433
7891 2665
7901 2438
7911 2856
7921 2399
7931 2471
7941 2569
7951 2424
7961 2965
7971 2314
7981 2464
7991 2410
8001 2552
8011 2358
8021 2353
8031 2506
8041 2380
8051 2408
8061 2332
8071 2420
8081 2368
8091 2374
8101 2405
8111 2437
8121 2334
8131 2344
8141 2255
8151 2562
8161 2408
8171 2431
8181 2339
8191 2446
8201 2400
8211 2441
8221 2583
8231 2416
8241 2664
8251 2358
8261 2844
8271 2305
8281 2655
8291 2374
8301 2452
8311 2238
8321 2873
8331 2263
8341 2980
8351 2225
8361 2827
8371 2245
8381 3089
8391 2389
8401 2943
8411 2325
8421 2825
8431 2433
8441 2636
8451 2533
8461 2417
8471 2585
8481 2465
8491 2889
8501 2388
8511 3002
8521 2349
8531 2903
8541 2441
8551 2519
8561 2505
8571 2428
8581 2474
8591 2435
8601 2595
8611 2251
8621 2620
8631 2307
8641 2875
8651 2397
8661 2975
8671 2298
8681 2612
8691 2527
8701 2432
8711 2879
8721 2341
8731 2802
8741 2433
8751 2618
8761 2780
8771 2366
8781 2999
8791 2575
8801 2440
8811 3009
8821 2382
8831 2808
8841 2378
8851 2500
8861 2798
8871 2348
8881 2880
8891 2488
8901 2589
8911 2784
8921 2351
8931 2922
8941 2472
8951 2449
8961 2753
8971 2359
8981 2784
8991 2929
9001 2418
9011 2943
9021 2535
9031 2531
9041 2932
9051 2674
9061 2422
9071 2896
9081 2324
9091 2822
9101 2730
9111 2404
9121 2905
9131 2580
9141 2426
9151 3097
9161 2316
9171 2572
9181 2959
9191 2437
9201 2732
9211 2841
9221 2390
9231 2615
9241 3044
9251 2478
9261 2728
9271 3025
9281 2683
9291 2397
9301 2906
9311 2626
9321 2681
9331 3091
9341 3081
9351 2452
9361 2504
9371 2892
9381 2295
9391 2880
9401 2464
9411 2474
9421 2963
9431 2280
9441 2745
9451 2556
9461 2386
9471 2985
9481 2351
9491 2774
9501 2529
9511 2383
9521 2999
9531 2386
9541 2494
9551 2936
9561 2378
9571 2851
9581 2716
9591 2458
9601 2922
9611 2547
9621 2448
9631 3022
9641 2411
9651 2439
9661 3083
9671 2571
9681 2390
9691 3021
9701 2775
9711 2366
9721 2781
9731 2947
9741 2322
9751 2975
9761 2591
9771 2468
9781 3029
9791 2650
9801 2421
9811 3019
9821 2652
9831 2357
9841 2928
9851 2463
9861 2437
9871 2908
9881 2334
9891 2841
9901 2468
9911 2419
9921 3236
9931 2261
9941 2794
9951 2673
9961 2333
9971 2847
9981 2333
9991 2823
